[ 6792.813465] [Project1] 7695 1588081242.480754873 1588081243.111812695
[ 6794.067747] [Project1] 7696 1588081243.719654442 1588081244.366127393
[ 6795.294995] [Project1] 7697 1588081244.977333629 1588081245.593411019
[ 6796.496394] [Project1] 7698 1588081246.193536718 1588081246.794843989
[ 6797.691721] [Project1] 7699 1588081247.390085142 1588081247.990206017
[ 6798.916690] [Project1] 7700 1588081248.613376398 1588081249.215207877
[ 6800.137253] [Project1] 7701 1588081249.831849620 1588081250.435807245
[ 6801.332081] [Project1] 7702 1588081251.031571587 1588081251.630665690
[ 6802.532200] [Project1] 7703 1588081252.226680601 1588081252.830821744
[ 6803.726604] [Project1] 7704 1588081253.425351279 1588081254.025255366
