[ 8452.831560] [Project1] 8167 1588082902.594259420 1588082903.193812464
[ 8454.040207] [Project1] 8168 1588082903.800853946 1588082904.402558731
[ 8455.292598] [Project1] 8169 1588082905.055184598 1588082905.655051048
[ 8456.513141] [Project1] 8170 1588082906.276109371 1588082906.875694970
[ 8457.718423] [Project1] 8171 1588082907.474047623 1588082908.081076497
[ 8458.920696] [Project1] 8172 1588082908.683577284 1588082909.283447726
[ 8460.128026] [Project1] 8173 1588082909.888981332 1588082910.490879371
[ 8461.344526] [Project1] 8174 1588082911.102058540 1588082911.707480624
[ 8462.584583] [Project1] 8175 1588082912.348285630 1588082912.947636161
[ 8463.822834] [Project1] 8176 1588082913.583989244 1588082914.185989104
